  4.669353651197851e+00  3.296897159473246e+00  4.750447172356729e-01  5.210320584813596e-02  2.066245422731916e+00  1.849683777531214e+00  4.483646971235725e+00  2.120884592141966e+00  8.780945916928018e-01  3.456178447250597e+00  4.411259245312031e-01  4.296126028659791e+00  2.564820759686412e+00  1.847047352768630e+00  5.998755535979551e+00  7.072461326422284e-01  4.900923684117317e+00  4.820774569025717e+00  1.902621611400777e+00  5.996652432666335e+00  5.734418804095282e+00  5.565191341014984e-01  9.073447128469523e-01  9.023167157352484e-02
  2.348014126038859e+00  8.631423525429702e-01  4.169150174816961e+00  1.060363326799293e+00  2.976679612019221e+00  2.304569116930148e+00  4.107942741699437e+00  1.326975883852310e-01  1.782915800397421e+00  4.026801744937419e+00  4.355896891882982e-01  3.115984641950061e+00  1.498964282629440e+00  1.699722455699346e+00  1.577141871080153e+00  1.278352916032388e+00  6.050314125541693e+00  3.397072890331182e+00  8.283550366364065e-01  6.645830716134858e-01  4.424917633555668e+00  3.286511436239136e+00  2.454985046605059e+00  3.251981372344510e+00
  4.958913210072208e+00  5.749574911932615e+00  6.277136020936129e+00  1.660137339069640e-01  4.138346721665793e-01  4.086360405213303e+00  1.127343868785071e+00  3.392357228457730e-01  5.907243083853619e+00  5.339977552484953e+00  4.932936026031795e+00  1.377900098880579e+00  8.390529326496999e-01  4.249163161220300e+00  2.840562675331735e+00  4.670098758024436e+00  2.490076024067743e-01  1.659617530086481e+00  4.372042175084379e+00  4.915447436592679e+00  2.852975072305572e+00  1.040690235367587e+00  2.777749672077575e+00  5.258803956776754e+00
  2.782738591723921e+00  3.637114608462128e+00  7.296278032760024e-01  1.491523496448037e-01  6.043118480988433e+00  3.524067073582773e+00  6.245419455169327e+00  5.151006354733394e+00  1.641144100497582e+00  6.156785592564013e+00  5.806738659358885e+00  1.561527244759297e+00  9.983725365819887e-01  4.635837217570818e+00  5.128732041696558e+00  4.380157229129939e+00  2.110635529324292e+00  5.703245042329531e+00  4.679441377025691e+00  5.095599942715462e+00  5.486073560007428e+00  3.706988463684834e-01  1.032365619234696e+00  5.635213594495395e+00
  3.422342180868847e+00  9.769457090361356e-01  3.470435049670033e+00  1.412876307207835e+00  3.186291408818238e-01  4.164353156130147e-01  5.663249254537309e+00  2.044241068064473e+00  1.845302546530245e+00  2.370500946355689e+00  5.462160574857883e+00  4.459889926322950e+00  2.238284056885903e+00  5.460548555761776e+00  1.612706293292058e+00  3.539871565860166e+00  1.932301761127680e+00  3.300307737030513e+00  6.007166128342431e+00  2.101775898363639e+00  5.216016775088863e+00  5.058390002430650e+00  5.107261419458264e+00  5.584465787417688e+00
  8.456705140030736e-01  3.114226782219898e+00  3.400837276950867e+00  4.233429055611198e+00  3.197229707132488e+00  5.403471336842867e+00  2.758457421591092e+00  1.884555530889356e+00  2.056486473403932e-01  6.122881813565311e-01  4.032640917845082e+00  2.949230011444415e+00  6.015319407259770e+00  2.975698854017212e+00  3.090529728770653e+00  4.333892455298565e+00  2.456649588332653e+00  3.459317381206422e+00  3.060121811261664e+00  6.655565144063065e-01  2.851940213503336e+00  3.463995979203523e+00  1.002812634257961e+00  1.650648883037307e+00
  4.164679393398943e+00  1.289664659687138e-01  5.847286127239075e+00  4.555310947130233e+00  5.104244753161971e+00  4.243964114645007e+00  5.088731787486982e+00  1.519779097437147e+00  5.202755555035632e+00  8.353068576225324e-02  2.283363317275399e+00  1.920583804267882e+00  1.011709692196369e+00  1.042295627336819e+00  5.654503742327862e+00  6.219921126949492e+00  4.725410591038567e+00  3.844972688372468e+00  1.282064965359436e-01  8.336545105172636e-01  2.995776106641346e-01  7.554268832948766e-01  5.934494333836134e+00  2.539252965340376e+00
  1.677585917300723e+00  6.103051493220707e-01  5.602631488309290e+00  5.929017853406479e+00  3.686932938751054e+00  1.596373197443650e-01  1.660301175822486e+00  4.925623693257551e+00  3.518183545303572e+00  1.949259338390003e+00  2.420188072261770e-01  5.653969810310548e+00  6.602830888294118e-01  1.543812205636097e+00  3.814623404153986e+00  8.277570318761655e-02  6.218048192460039e+00  3.291532657596263e+00  5.260402186358474e+00  2.073455263686843e+00  1.336030236861488e+00  4.366392033049060e+00  1.111233086719845e+00  2.090183648192398e+00
  1.762331282189066e+00  3.538625207603108e+00  1.697163614470248e-01  1.983586517809969e-01  2.259311128224878e+00  1.643558626385929e+00  4.154550635596148e+00  3.488805845367442e+00  3.791861819160953e+00  1.646467566071357e+00  6.027386031192812e+00  2.514115871026304e-01  4.671684276127671e+00  3.682497547667844e+00  2.527672865797073e+00  2.655235418453942e+00  8.708576007212343e-01  1.841963077895789e+00  3.171250708486643e+00  2.627946598816192e+00  2.713437598608896e+00  5.140498906512185e+00  3.992399400507391e+00  1.256956133473758e+00
  5.851881381054826e+00  3.190298631375890e+00  6.420592557247136e-01  4.116976157178549e+00  8.469407516718447e-02  1.713498013846539e+00  1.228242013991886e+00  6.067871341795074e-01  4.685509489314278e+00  1.080964148125209e+00  5.845379772902612e+00  1.255637343847216e+00  3.056300757470753e+00  9.088518514137661e-01  2.553014301584913e+00  9.235665122774437e-01  3.700865169718918e+00  3.402716901061980e+00  3.419081592894265e+00  3.722568534708896e+00  2.554597388224104e+00  4.005289387353620e+00  2.947596991128629e+00  2.036243249650759e+00
  3.212083366499418e+00  2.036911229551446e+00  1.724608573842958e+00  5.305646507466391e+00  2.753954453773336e+00  2.563132812416434e-01  3.364251356974033e+00  5.509977124073223e+00  4.162179438770847e+00  5.107897339744495e-01  3.673459282729410e+00  6.621986180563628e-01  3.468183252838598e-01  2.718386513573667e+00  1.333410433704541e+00  2.090641499198377e+00  3.948527552101164e+00  3.316636670894445e+00  3.419866641021532e+00  2.580165933573957e+00  1.596335051279794e+00  5.304378483668403e+00  5.706358927440819e+00  4.726116817862728e+00
  4.288323786850955e+00  3.501845787242939e-01  1.659937424073530e+00  1.444992408575708e+00  2.284576678044424e+00  2.912290592033429e+00  3.203692345994712e+00  6.115777545479137e+00  4.484109593728203e+00  3.065306371717142e+00  5.809500388989809e-01  2.159809839671284e+00  2.870515370968149e+00  1.923906016995049e+00  3.555449577110728e+00  5.803496615662136e-01  2.616053468528403e+00  5.554804040304320e+00  4.553508724659700e+00  3.470363923432562e+00  2.387966567361029e+00  4.936900518859297e+00  4.249259540868167e-01  5.893007001738968e+00
  1.308314711484086e+00  4.494942696023044e+00  5.481647541035965e+00  4.070462001055630e+00  3.973032917494472e+00  1.326295887226673e+00  2.554827160701824e-01  1.642574813739260e+00  9.915964212194275e-01  3.201007932751523e+00  5.989009062984689e+00  1.307777447783075e+00  5.734179410172142e+00  5.887952824697267e+00  8.079564993351431e-01  6.238242832379346e+00  2.587854527095585e+00  3.563815238285620e+00  4.923765311751866e+00  4.465825007074199e+00  2.601386900050735e+00  1.948557599414392e+00  3.840898119085763e+00  5.963063135170956e+00
  4.463819605813371e+00  3.704236221495375e+00  4.393576404941237e-01  1.208459589097008e+00  2.048166525825374e+00  5.896958465726129e-01  5.872244675295194e-01  3.956274278630566e+00  2.094287931386053e+00  2.395443577610967e+00  2.033287468962405e+00  4.525412780735513e+00  8.337159028511761e-01  3.697593314357731e+00  5.862451212389511e+00  6.008961954909090e+00  4.663963653123039e+00  7.187303935803022e-01  3.732045630265752e+00  3.583842136815769e+00  6.586970526930884e-01  4.418260831955342e+00  5.628263436840634e+00  2.074927402936865e+00
  2.155634080503755e+00  4.993514477677476e+00  3.114621713118545e+00  1.056835319851144e+00  3.943142989845915e+00  3.409267081124372e-01  2.144103115012501e+00  1.832328617956619e+00  6.943739250305320e-01  1.921780893537797e+00  3.370853171704913e-01  1.498444358760053e+00  5.945769597563316e+00  3.591361943644800e+00  1.844587967399311e-01  3.227627598160899e+00  9.060633854340543e-01  1.098595921142472e+00  3.334269597564968e+00  2.357462533714210e+00  1.228923515235565e+00  5.520320375483523e+00  2.463712086361171e+00  1.678665599482892e+00
  2.672317869799475e+00  3.466435930378533e+00  1.116811852537850e+00  2.811019532473787e+00  3.683865485504549e+00  5.193760847821572e+00  3.295968854993264e+00  2.647042750985477e-01  3.712634443028982e+00  9.099683630740653e-01  2.086927271530539e+00  8.521333519094265e-01  1.848266973470926e+00  4.147106174986337e+00  8.987830342259243e-01  9.253703457594721e-02  5.711926280311062e+00  1.084980534904731e-01  5.501597943788833e+00  1.194636733632692e+00  3.629845370980464e+00  1.306650675908004e+00  4.863957079500431e+00  6.935537494110352e-01
  1.784569189918590e+00  4.188635662132497e+00  9.249926098648387e-01  5.038809394825726e-01  2.473455320152607e+00  3.829516803964644e+00  3.788666895149295e+00  1.839901430926629e+00  5.461504263419721e+00  2.477683553628244e+00  4.287424179435559e+00  1.362204295763944e+00  1.155237652058189e+00  4.610152476281577e+00  5.874664526556543e+00  4.771156644619365e+00  2.955205338973605e+00  5.706933179005937e+00  6.209181033264172e+00  2.084291000784214e+00  2.725399725724591e+00  5.397011088273559e+00  2.767178519955247e+00  3.308947962320637e-01
  3.584767259904060e+00  3.680224387447278e+00  3.265638074137780e+00  3.058140287166267e+00  9.658982312341450e-01  5.005373795879354e-02  3.120451760085356e+00  2.796369112810648e-01  4.613587242776127e+00  3.354227106583175e+00  4.072503458109775e+00  5.433685644239143e+00  3.158517010144944e-01  4.457774786233284e+00  5.365943155675566e+00  5.020626220915668e+00  5.387082390020058e+00  4.882389245640282e+00  2.767921439747127e+00  1.117703082839845e+00  5.186679909694223e+00  1.892163937970950e+00  3.143530981139160e+00  1.345156250207825e+00
  5.898223824174826e+00  6.043738098471559e+00  1.519234710335055e+00  6.001065027874118e+00  4.454904869023218e+00  3.536899673672984e+00  3.778683068323863e+00  2.200636086961777e+00  2.089208887490269e+00  5.460733453698948e+00  4.963723124847607e+00  1.011206629227726e+00  2.532439713882503e+00  4.773999792225541e+00  4.464579202539420e+00  4.426321141695317e-01  3.021042043746827e+00  3.579065234986875e+00  2.897405314022941e+00  5.249413025150103e+00  9.196827788003166e-01  4.666460934617988e+00  1.095391290118619e+00  3.192699375520994e+00
  5.565859827183973e-01  5.023898330656348e+00  4.272350755764482e+00  6.168616316353415e+00  7.639311972756941e-01  3.176948430149780e+00  5.709940003179503e+00  2.414388175295906e+00  3.311960936387112e+00  2.887229175281565e+00  4.206269086814304e+00  1.887668308974468e+00  6.045598488138659e-01  5.767730091348208e+00  4.461942463187851e-02  9.788970806128285e-01  3.596075142748714e+00  4.812740457600523e+00  4.749408428171516e+00  2.270812488474050e+00  3.456927180826497e-01  5.743265262642674e+00  5.729894496449258e+00  4.700329156963925e+00
