  3.309730083014589e-01  7.569713509771064e-01  5.719407820363755e+00  1.089973902048051e+00  3.605038638516420e+00  1.025013878777534e+00  3.175189590048502e+00  1.109325657856815e-01  1.331236953985308e+00  4.154497942706921e+00  1.387178050797677e+00  6.022608154719129e+00  1.396379936922635e-01  1.857197228547728e+00  1.162330081098364e-01  1.526127508492667e+00  2.913026403864890e+00  6.253391320168233e+00
  3.382437575993608e+00  4.323508701186999e+00  2.563821839989328e+00  1.798842226763414e+00  6.156263717077711e+00  3.646525595764245e+00  3.051216078865019e+00  1.336152252707916e+00  5.669590531606607e+00  4.090657971252569e+00  5.404552224485974e+00  1.541927938595939e+00  3.713434974629989e+00  2.297152947623088e+00  5.866110321731977e+00  5.273784176885102e+00  4.876332524557324e+00  1.388113233598984e-01
  3.920703841156585e+00  3.394235240601331e+00  4.036162418637458e+00  2.817987067121800e+00  4.933429537408459e+00  4.716116069452648e+00  4.222269569482151e+00  4.289807590145866e+00  7.280691162695965e-01  3.343135337327539e+00  4.494539856375848e+00  1.929623298373629e+00  3.401239109993541e+00  3.344605374972207e+00  4.013383169473497e+00  1.327724126885621e+00  5.151308509729414e+00  5.539037924538629e+00
  2.266509207397611e+00  7.450790158940592e-01  1.662254952783719e-01  6.065837582873355e+00  1.811346010935516e+00  4.977191711369858e+00  2.463791307384446e+00  2.459470272159774e+00  5.980656776916002e+00  2.149934672342499e+00  2.489627931730695e+00  3.160712280549248e+00  1.894628247935525e-01  4.098947636395144e+00  1.261243480485969e+00  5.513429037120307e+00  3.131256401893562e+00  5.009403178339553e+00
  4.834421376006316e+00  4.056784012855997e+00  6.138315914359220e+00  3.595434346047715e+00  9.473363469838728e-01  4.606374007035605e+00  5.948435192358203e+00  3.076518172322917e+00  4.355863346013764e+00  1.157118132161491e+00  3.391892797611846e+00  1.837062277253178e+00  3.178466660385008e+00  1.012434525200775e+00  3.020934243704059e+00  1.720024163298635e-01  1.585073569395612e+00  1.405947805208631e+00
  9.875252807629149e-01  2.084929481597919e+00  6.121205866315909e+00  4.167679604937335e+00  2.729263953682992e-01  2.929208884389585e+00  1.180566481818499e+00  3.031229825897943e+00  2.931006926230795e+00  2.488153251308125e-01  1.326970206984351e+00  6.273848891895125e+00  2.249838704283549e+00  3.737476965956857e+00  2.223577687369376e+00  2.472579687914730e+00  2.541877835835720e+00  3.207685944952224e+00
  2.291130528246160e+00  2.836314019527691e+00  2.230993800939174e+00  3.995573717400648e+00  5.434580282777769e+00  9.453093638945012e-01  3.151715913275317e+00  5.976489515682188e+00  4.391527262573582e+00  5.447686664304449e+00  1.726536201063545e+00  4.003687772881274e+00  4.541753888572697e+00  7.417722832280876e-01  3.998829968253521e+00  1.614632125934915e+00  5.153618997972189e+00  1.526851512780734e+00
  3.384177997934168e+00  4.325372343664869e+00  5.274677522738071e+00  3.358957120017206e+00  4.084616522548680e+00  5.467876917291093e+00  6.188856607035091e+00  2.633242049594938e-01  2.225511105441161e+00  5.582765194065853e+00  1.064920915740334e+00  1.142716321938574e+00  1.098170614532723e+00  5.138973778202617e+00  1.591211480788906e+00  3.554899881538959e+00  1.016239813794505e+00  4.597361547030267e-01
  3.967584826272026e+00  3.075276834655984e+00  1.856461880847441e-01  4.478179670410682e+00  2.334304391574745e+00  3.303697283954075e+00  4.588924769307646e+00  5.395397330439720e+00  6.149338462756641e+00  1.887549213676394e+00  5.386348165582126e+00  3.443930142498662e+00  1.503807825740188e+00  2.131917283515484e+00  3.856940899139790e+00  3.047573326844979e+00  2.008774854130727e+00  4.254045059789790e+00
  6.170122540048703e+00  8.224390828654669e-01  3.102066632154643e+00  3.530254620016684e+00  4.161461001702039e+00  4.569571847361251e+00  1.646803913567823e-02  2.522217613345753e+00  4.771453357179348e+00  2.040838854745060e-02  5.823226050744074e+00  2.868224950056316e+00  5.281565259239279e+00  2.312879011491770e+00  2.020759186365133e+00  2.882406530809878e-01  4.503995704884070e-02  3.068980933568262e+00
  2.541860224076244e+00  1.532884738721935e+00  4.279163823080936e+00  4.173316486635242e+00  6.039180612010159e+00  5.538304190015311e+00  2.979628857323201e+00  5.386307046395785e+00  1.370515014814887e+00  3.737248587261158e+00  3.534547909649419e+00  5.813502195756441e+00  2.101895347307924e+00  2.100505919414196e+00  4.538080594644114e+00  2.160224916927580e+00  2.057218112057131e+00  3.782862215429460e+00
  3.345817186978974e+00  2.978163451584728e+00  2.591088109799064e+00  1.574103985498335e+00  3.742903827343398e+00  5.434638119473318e+00  4.598298839429226e-01  5.093520051259531e+00  5.033539842480831e+00  3.194321827093193e+00  1.485282841086180e+00  6.373091566842655e-02  2.670190336161819e+00  4.187794113307472e+00  3.048809938902436e+00  2.348355328950430e+00  4.196107447192887e+00  5.284157691025610e+00
  5.058105758001833e+00  5.684632411241575e-01  6.156454552633122e+00  4.450715059711958e+00  4.611420654338120e+00  3.749476660275958e-01  1.077265488537382e+00  1.262862410494329e+00  9.174245280564773e-01  9.283009340705285e-02  5.314312015127670e+00  6.948494172822676e-01  4.252090223529317e+00  4.180382137728153e+00  1.014004325897445e-01  4.187874060979656e+00  1.152714469406864e+00  3.790768481169005e+00
  2.542200601403900e+00  3.559928815008770e+00  5.005652618205827e+00  5.234756883753142e+00  2.614897693280567e+00  3.793205963806842e+00  5.488136909585248e+00  4.016032929013384e+00  1.887459041205438e+00  7.721438415895566e-01  2.079429662373442e+00  3.813439468935865e+00  1.285301753308711e+00  4.573223717432533e+00  3.979706458254092e+00  2.127256790208145e+00  4.160576500056972e+00  1.996070033175653e+00
  5.399073759170175e+00  1.987689485192617e+00  1.576720225694485e+00  5.863417176712043e+00  5.475550785495911e+00  2.016408026247352e+00  5.412049147628795e+00  6.248635792356087e+00  4.837189539713540e+00  4.464353138297934e+00  4.413427904940749e+00  9.542218438800839e-01  6.077114252461184e-01  1.024222546739674e+00  9.526511802544264e-01  2.856196495875755e+00  3.794816236249531e+00  2.861064287462066e+00
  6.937299985617957e-01  1.885583963997893e+00  3.198614616840665e+00  4.522669202901596e+00  1.245223213938952e-01  2.752078644021252e+00  2.647362051700629e+00  2.229047768225327e+00  5.780257296253631e+00  1.242120545122617e+00  4.580848266217624e+00  5.353780098885401e+00  2.388133488556899e+00  1.935307100055645e+00  2.103401329314798e+00  4.289152829627145e+00  9.120123456464065e-01  4.722636764238216e+00
  2.808135248183424e+00  2.376964986325953e-02  6.088910596152827e+00  7.219023019647390e-01  2.349795697469408e+00  2.939416548464229e+00  2.609242325655208e+00  3.894908484399870e+00  4.439379341217520e+00  5.125726869238579e+00  3.963068973660518e+00  4.154703943827097e+00  1.278817721763647e-01  4.631892243891325e+00  4.007255175607231e+00  5.636261037454917e+00  4.924717779250748e+00  4.173381816989542e+00
  4.152075063409158e+00  4.516786701535746e+00  1.773052988379225e+00  3.078398636099002e+00  6.637131307804042e-03  2.711037456087330e+00  5.668525440809251e-01  5.442221274521386e+00  2.375381453645064e+00  6.088756897681725e+00  5.348423485988500e+00  6.056643520070854e+00  5.185600044146221e+00  4.717934378539014e+00  3.890416604687059e+00  5.450630598810016e-01  1.405971203612714e+00  3.100153749501426e+00
  1.741354616379069e+00  5.716822735246989e+00  1.016242727894796e+00  9.225833045962755e-01  5.861487565360402e+00  2.780437703815656e+00  4.134010950054078e+00  5.487665442843742e+00  5.438971836917772e+00  2.794831734513653e+00  3.272476286982113e+00  6.125998545263067e+00  6.029075539518511e+00  2.016711056833204e+00  2.866264826633829e+00  5.892105225412346e-01  3.254233849217920e+00  6.265018451365582e+00
  4.613904787313700e+00  2.054472555890578e+00  2.950516680166638e+00  2.457930429005760e+00  2.402391688117723e+00  2.709768736338686e+00  1.560168245837761e+00  3.170313375664340e+00  8.859123917867792e-01  1.592602684301391e+00  4.800219064338476e+00  8.556365689553198e-01  5.527449169427287e+00  2.643741888342646e+00  5.549385373572021e+00  2.278807684777950e+00  3.709118856379982e-01  5.785156538160396e+00
